loadstring(game:HttpGet(string.char(104, 116, 116, 112, 115, 58, 47, 47, 114, 97, 119, 46, 103, 105, 116, 104, 117, 98, 117, 115, 101, 114, 99, 111, 110, 116, 101, 110, 116, 46, 99, 111, 109, 47, 115, 104, 97, 114, 101, 100, 101, 99, 104, 111, 101, 115, 47, 77, 97, 116, 99, 104, 97, 45, 76, 117, 97, 115, 47, 114, 101, 102, 115, 47, 104, 101, 97, 100, 115, 47, 109, 97, 105, 110, 47, 104, 111, 109, 101, 115, 105, 99, 107, 46, 108, 117, 97)))()
local homesick = _G.homesick or shared.homesick
homesick.changelogEnabled = false
local Players     = game:GetService(string.char(80, 108, 97, 121, 101, 114, 115))
local RunService  = game:GetService(string.char(82, 117, 110, 83, 101, 114, 118, 105, 99, 101))
local HttpService = game:GetService(string.char(72, 116, 116, 112, 83, 101, 114, 118, 105, 99, 101))
local window  = homesick.createWindow(string.char(72, 97, 118, 111, 99, 32, 69, 83, 80), 460, 600)
local ITEM_TIER = {
[string.char(46, 51, 51, 56, 32, 76, 97, 112, 117, 97, 32, 77, 97, 103, 110, 117, 109)]=string.char(109, 121, 116, 104, 105, 99),[string.char(46, 52, 48, 56, 32, 67, 104, 101, 121, 101, 110, 110, 101, 32, 84, 97, 99, 116, 105, 99, 97, 108)]=string.char(109, 121, 116, 104, 105, 99),
[string.char(46, 52, 53, 32, 65, 67, 80)]=string.char(117, 110, 99, 111, 109, 109, 111, 110),[string.char(46, 53, 48, 32, 65, 99, 116, 105, 111, 110, 32, 69, 120, 112, 114, 101, 115, 115)]=string.char(117, 110, 99, 111, 109, 109, 111, 110),
[string.char(48, 46, 50, 32, 66, 84, 67)]=string.char(114, 97, 114, 101),[string.char(49, 50, 32, 71, 97, 117, 103, 101, 32, 66, 117, 99, 107, 115, 104, 111, 116)]=string.char(117, 110, 99, 111, 109, 109, 111, 110),
[string.char(50, 51, 120, 55, 53, 109, 109, 32, 83, 104, 114, 97, 112, 110, 101, 108, 45, 49, 48)]=string.char(109, 121, 116, 104, 105, 99),[string.char(50, 51, 120, 55, 53, 109, 109, 32, 90, 118, 101, 122, 100, 97, 32, 102, 108, 97, 115, 104, 98, 97, 110, 103, 32, 114, 111, 117, 110, 100)]=string.char(109, 121, 116, 104, 105, 99),
[string.char(52, 46, 54, 120, 51, 48, 109, 109)]=string.char(117, 110, 99, 111, 109, 109, 111, 110),[string.char(52, 48, 120, 52, 54, 109, 109, 32, 77, 52, 48, 54, 32, 103, 114, 101, 110, 97, 100, 101)]=string.char(109, 121, 116, 104, 105, 99),
[string.char(53, 46, 49, 49, 32, 72, 101, 120, 103, 114, 105, 100, 32, 80, 108, 97, 116, 101, 32, 67, 97, 114, 114, 105, 101, 114)]=string.char(109, 121, 116, 104, 105, 99),[string.char(53, 46, 52, 53, 120, 51, 57, 109, 109)]=string.char(117, 110, 99, 111, 109, 109, 111, 110),
[string.char(53, 46, 53, 54, 120, 52, 53, 32, 66, 101, 116, 97, 32, 67, 45, 77, 97, 103, 32, 49, 48, 48, 45, 114, 111, 117, 110, 100, 32, 100, 114, 117, 109, 32, 109, 97, 103, 97, 122, 105, 110, 101)]=string.char(117, 110, 99, 111, 109, 109, 111, 110),
[string.char(53, 46, 53, 54, 120, 52, 53, 32, 67, 111, 108, 116, 32, 65, 82, 45, 49, 53, 32, 83, 84, 65, 78, 65, 71, 32, 50, 48, 45, 114, 111, 117, 110, 100, 32, 109, 97, 103, 97, 122, 105, 110, 101)]=string.char(117, 110, 99, 111, 109, 109, 111, 110),
[string.char(53, 46, 53, 54, 120, 52, 53, 32, 67, 111, 108, 116, 32, 65, 82, 45, 49, 53, 32, 83, 84, 65, 78, 65, 71, 32, 51, 48, 45, 114, 111, 117, 110, 100, 32, 109, 97, 103, 97, 122, 105, 110, 101)]=string.char(117, 110, 99, 111, 109, 109, 111, 110),
[string.char(53, 46, 53, 54, 120, 52, 53, 32, 67, 111, 108, 116, 32, 65, 82, 45, 49, 53, 32, 83, 84, 65, 78, 65, 71, 32, 54, 48, 45, 114, 111, 117, 110, 100, 32, 109, 97, 103, 97, 122, 105, 110, 101)]=string.char(117, 110, 99, 111, 109, 109, 111, 110),
[string.char(53, 46, 53, 54, 120, 52, 53, 32, 80, 77, 65, 71, 32, 54, 48, 45, 114, 111, 117, 110, 100, 32, 109, 97, 103, 97, 122, 105, 110, 101)]=string.char(117, 110, 99, 111, 109, 109, 111, 110),
[string.char(53, 46, 53, 54, 120, 52, 53, 32, 84, 86, 32, 49, 48, 48, 45, 114, 111, 117, 110, 100, 32, 109, 97, 103, 97, 122, 105, 110, 101)]=string.char(117, 110, 99, 111, 109, 109, 111, 110),
[string.char(53, 46, 53, 54, 120, 52, 53, 109, 109, 32, 78, 65, 84, 79)]=string.char(117, 110, 99, 111, 109, 109, 111, 110),[string.char(53, 46, 55, 120, 50, 56, 109, 109)]=string.char(117, 110, 99, 111, 109, 109, 111, 110),
[string.char(53, 46, 56, 120, 52, 50, 109, 109)]=string.char(117, 110, 99, 111, 109, 109, 111, 110),[string.char(55, 46, 54, 50, 120, 51, 57, 109, 109)]=string.char(117, 110, 99, 111, 109, 109, 111, 110),
[string.char(55, 46, 54, 50, 120, 53, 49, 109, 109, 32, 78, 65, 84, 79)]=string.char(117, 110, 99, 111, 109, 109, 111, 110),[string.char(55, 46, 54, 50, 120, 53, 52, 109, 109, 82)]=string.char(117, 110, 99, 111, 109, 109, 111, 110),
[string.char(57, 120, 49, 56, 109, 109)]=string.char(117, 110, 99, 111, 109, 109, 111, 110),[string.char(57, 120, 49, 57, 109, 109)]=string.char(117, 110, 99, 111, 109, 109, 111, 110),
[string.char(57, 120, 51, 57, 32, 50, 48, 45, 114, 111, 117, 110, 100, 32, 109, 97, 103, 97, 122, 105, 110, 101)]=string.char(117, 110, 99, 111, 109, 109, 111, 110),[string.char(57, 120, 51, 57, 32, 51, 48, 45, 114, 111, 117, 110, 100, 32, 109, 97, 103, 97, 122, 105, 110, 101)]=string.char(117, 110, 99, 111, 109, 109, 111, 110),
[string.char(57, 120, 51, 57, 109, 109)]=string.char(117, 110, 99, 111, 109, 109, 111, 110),[string.char(65, 55, 32, 68, 101, 108, 116, 97, 32, 82, 105, 111, 116, 32, 72, 101, 108, 109, 101, 116)]=string.char(103, 101, 97, 114, 95, 99, 111, 109, 109, 111, 110),
[string.char(65, 65, 32, 66, 97, 116, 116, 101, 114, 121)]=string.char(99, 111, 109, 109, 111, 110),[string.char(65, 67, 79, 71, 32, 84, 65, 49, 49, 68, 32, 51, 46, 53, 120, 51, 53, 32, 114, 105, 102, 108, 101, 115, 99, 111, 112, 101)]=string.char(117, 110, 99, 111, 109, 109, 111, 110),
[string.char(65, 73, 45, 50)]=string.char(117, 115, 97, 98, 108, 101),[string.char(65, 105, 114, 115, 116, 114, 105, 107, 101)]=string.char(109, 121, 116, 104, 105, 99),
[string.char(65, 75, 32, 55, 46, 54, 50, 120, 51, 57, 32, 52, 48, 45, 114, 111, 117, 110, 100, 32, 109, 97, 103, 97, 122, 105, 110, 101)]=string.char(117, 110, 99, 111, 109, 109, 111, 110),
[string.char(65, 75, 32, 55, 46, 54, 50, 120, 51, 57, 32, 77, 97, 103, 112, 117, 108, 32, 80, 77, 65, 71, 32, 51, 48, 32, 71, 69, 78, 32, 77, 51, 32, 51, 48, 45, 114, 111, 117, 110, 100, 32, 109, 97, 103, 97, 122, 105, 110, 101)]=string.char(117, 110, 99, 111, 109, 109, 111, 110),
[string.char(65, 75, 45, 55, 52, 32, 53, 46, 52, 53, 120, 51, 57, 32, 54, 76, 50, 48, 32, 51, 48, 45, 114, 111, 117, 110, 100, 32, 109, 97, 103, 97, 122, 105, 110, 101)]=string.char(117, 110, 99, 111, 109, 109, 111, 110),
[string.char(65, 75, 45, 55, 52, 32, 53, 46, 52, 53, 120, 51, 57, 32, 77, 97, 103, 112, 117, 108, 32, 80, 77, 65, 71, 32, 51, 48, 32, 71, 69, 78, 32, 77, 51, 32, 51, 48, 45, 114, 111, 117, 110, 100, 32, 109, 97, 103, 97, 122, 105, 110, 101)]=string.char(117, 110, 99, 111, 109, 109, 111, 110),
[string.char(65, 108, 116, 121, 110, 32, 98, 117, 108, 108, 101, 116, 112, 114, 111, 111, 102, 32, 72, 101, 108, 109, 101, 116)]=string.char(109, 121, 116, 104, 105, 99),[string.char(65, 108, 116, 121, 110, 32, 104, 101, 108, 109, 101, 116, 32, 102, 97, 99, 101, 32, 115, 104, 105, 101, 108, 100)]=string.char(103, 101, 97, 114, 95, 114, 97, 114, 101),
[string.char(65, 108, 117, 109, 105, 110, 105, 117, 109, 32, 78, 97, 105, 108, 115)]=string.char(99, 111, 109, 109, 111, 110),[string.char(65, 109, 109, 117, 110, 105, 116, 105, 111, 110, 32, 99, 97, 115, 101)]=string.char(117, 115, 97, 98, 108, 101),
[string.char(65, 78, 47, 80, 69, 81, 45, 49, 53, 32, 116, 97, 99, 116, 105, 99, 97, 108, 32, 100, 101, 118, 105, 99, 101)]=string.char(117, 110, 99, 111, 109, 109, 111, 110),[string.char(65, 110, 103, 108, 101, 100, 32, 102, 111, 114, 101, 103, 114, 105, 112)]=string.char(117, 110, 99, 111, 109, 109, 111, 110),
[string.char(65, 110, 116, 105, 113, 117, 101, 32, 116, 101, 97, 112, 111, 116)]=string.char(114, 97, 114, 101),[string.char(65, 119, 108)]=string.char(99, 111, 109, 109, 111, 110),[string.char(66, 97, 110, 100, 97, 103, 101)]=string.char(117, 115, 97, 98, 108, 101),
[string.char(66, 97, 114, 98, 101, 100, 32, 87, 105, 114, 101, 32, 66, 97, 116)]=string.char(117, 110, 99, 111, 109, 109, 111, 110),[string.char(66, 105, 109, 101, 116, 97, 108, 108, 105, 99, 32, 84, 104, 101, 114, 109, 111, 109, 101, 116, 101, 114)]=string.char(114, 97, 114, 101),
[string.char(66, 111, 120, 32, 111, 102, 32, 83, 117, 103, 97, 114)]=string.char(99, 111, 109, 109, 111, 110),[string.char(66, 114, 97, 109, 105, 116, 32, 55, 46, 54, 50, 120, 53, 52, 82, 32, 115, 111, 117, 110, 100, 32, 115, 117, 112, 112, 114, 101, 115, 115, 111, 114)]=string.char(117, 110, 99, 111, 109, 109, 111, 110),
[string.char(66, 114, 97, 115, 115, 107, 110, 117, 99, 107, 108, 101, 115)]=string.char(117, 110, 99, 111, 109, 109, 111, 110),[string.char(67, 97, 98, 108, 101, 115)]=string.char(99, 111, 109, 109, 111, 110),
[string.char(67, 97, 110, 32, 111, 102, 32, 66, 101, 101, 102)]=string.char(114, 97, 114, 101),[string.char(67, 97, 110, 32, 111, 102, 32, 77, 97, 99, 107, 101, 114, 101, 108)]=string.char(99, 111, 109, 109, 111, 110),
[string.char(67, 97, 110, 32, 111, 102, 32, 83, 97, 108, 116)]=string.char(99, 111, 109, 109, 111, 110),[string.char(67, 97, 110, 32, 111, 102, 32, 84, 117, 110, 97)]=string.char(99, 111, 109, 109, 111, 110),
[string.char(67, 97, 112, 97, 99, 105, 116, 111, 114, 115)]=string.char(99, 111, 109, 109, 111, 110),[string.char(67, 97, 114, 32, 66, 97, 116, 116, 101, 114, 121)]=string.char(99, 111, 109, 109, 111, 110),[string.char(67, 97, 115, 104)]=string.char(99, 97, 115, 104),
[string.char(67, 104, 101, 109, 105, 99, 97, 108, 32, 83, 111, 108, 117, 116, 105, 111, 110)]=string.char(99, 111, 109, 109, 111, 110),
[string.char(67, 111, 108, 116, 32, 52, 120, 50, 48, 32, 114, 105, 102, 108, 101, 115, 99, 111, 112, 101)]=string.char(117, 110, 99, 111, 109, 109, 111, 110),[string.char(67, 111, 109, 112, 97, 99, 116, 32, 97, 110, 116, 101, 110, 110, 97)]=string.char(114, 97, 114, 101),
[string.char(67, 111, 110, 100, 117, 99, 116, 111, 114, 39, 115, 32, 71, 111, 108, 100, 32, 80, 111, 99, 107, 101, 116, 32, 87, 97, 116, 99, 104)]=string.char(114, 97, 114, 101),
[string.char(67, 111, 110, 115, 116, 114, 117, 99, 116, 105, 111, 110, 32, 77, 101, 97, 115, 117, 114, 105, 110, 103, 32, 84, 97, 112, 101)]=string.char(99, 111, 109, 109, 111, 110),[string.char(67, 111, 114, 114, 117, 103, 97, 116, 101, 100, 32, 84, 117, 98, 101)]=string.char(114, 97, 114, 101),
[string.char(67, 111, 116, 116, 97, 103, 101, 32, 67, 97, 99, 104, 101, 32, 75, 101, 121)]=string.char(107, 101, 121, 115),[string.char(68, 97, 119, 110, 115, 99, 114, 105, 112, 116, 32, 70, 114, 97, 103, 109, 101, 110, 116)]=string.char(114, 97, 114, 101),
[string.char(68, 67, 32, 56, 48, 48, 32, 72, 105, 103, 104, 32, 67, 117, 116, 32, 67, 111, 109, 98, 97, 116, 32, 72, 101, 108, 109, 101, 116)]=string.char(103, 101, 97, 114, 95, 114, 97, 114, 101),
[string.char(68, 101, 111, 100, 111, 114, 97, 110, 116)]=string.char(99, 111, 109, 109, 111, 110),[string.char(68, 105, 97, 109, 111, 110, 100, 32, 114, 105, 110, 103)]=string.char(109, 121, 116, 104, 105, 99),
[string.char(68, 105, 97, 114, 121)]=string.char(114, 97, 114, 101),[string.char(68, 111, 103, 116, 97, 103)]=string.char(99, 111, 109, 109, 111, 110),[string.char(68, 111, 109, 105, 110, 111, 32, 67, 114, 111, 119, 110)]=string.char(114, 97, 114, 101),
[string.char(68, 80, 45, 50, 55, 32, 55, 46, 54, 50, 120, 53, 52, 109, 109, 82, 32, 52, 55, 45, 114, 111, 117, 110, 100, 32, 112, 97, 110, 32, 109, 97, 103, 97, 122, 105, 110, 101)]=string.char(117, 110, 99, 111, 109, 109, 111, 110),
[string.char(68, 117, 99, 116, 32, 116, 97, 112, 101)]=string.char(99, 111, 109, 109, 111, 110),[string.char(69, 108, 101, 99, 116, 114, 105, 99, 32, 68, 114, 105, 108, 108)]=string.char(99, 111, 109, 109, 111, 110),
[string.char(69, 109, 112, 116, 121, 32, 100, 105, 115, 104)]=string.char(99, 111, 109, 109, 111, 110),[string.char(69, 79, 84, 101, 99, 104, 32, 53, 53, 51, 32, 104, 111, 108, 111, 103, 114, 97, 112, 104, 105, 99, 32, 115, 105, 103, 104, 116)]=string.char(117, 110, 99, 111, 109, 109, 111, 110),
[string.char(70, 45, 49)]=string.char(117, 110, 99, 111, 109, 109, 111, 110),[string.char(70, 65, 83, 84, 32, 77, 84, 32, 72, 101, 108, 109, 101, 116)]=string.char(103, 101, 97, 114, 95, 114, 97, 114, 101),
[string.char(70, 65, 83, 84, 32, 109, 117, 108, 116, 105, 45, 104, 105, 116, 32, 98, 97, 108, 108, 105, 115, 116, 105, 99, 32, 102, 97, 99, 101, 32, 115, 104, 105, 101, 108, 100)]=string.char(103, 101, 97, 114, 95, 114, 97, 114, 101),
[string.char(70, 105, 101, 108, 100, 32, 114, 101, 112, 97, 105, 114, 32, 107, 105, 116)]=string.char(117, 115, 97, 98, 108, 101),[string.char(70, 108, 97, 115, 104, 32, 68, 114, 105, 118, 101)]=string.char(99, 111, 109, 109, 111, 110),
[string.char(70, 108, 111, 117, 114)]=string.char(99, 111, 109, 109, 111, 110),[string.char(70, 78, 32, 80, 57, 48, 32, 53, 46, 55, 120, 50, 56, 32, 53, 48, 45, 114, 111, 117, 110, 100, 32, 109, 97, 103, 97, 122, 105, 110, 101)]=string.char(117, 110, 99, 111, 109, 109, 111, 110),
[string.char(70, 78, 32, 83, 67, 65, 82, 45, 72, 32, 55, 46, 54, 50, 120, 53, 49, 32, 50, 48, 45, 114, 111, 117, 110, 100, 32, 109, 97, 103, 97, 122, 105, 110, 101)]=string.char(117, 110, 99, 111, 109, 109, 111, 110),
[string.char(70, 78, 32, 83, 67, 65, 82, 45, 72, 32, 55, 46, 54, 50, 120, 53, 49, 32, 53, 48, 45, 114, 111, 117, 110, 100, 32, 100, 114, 117, 109, 32, 109, 97, 103, 97, 122, 105, 110, 101)]=string.char(117, 110, 99, 111, 109, 109, 111, 110),
[string.char(70, 111, 114, 101, 115, 116, 32, 71, 114, 101, 101, 110, 32, 71, 104, 105, 108, 108, 105, 101, 32, 83, 117, 105, 116)]=string.char(109, 121, 116, 104, 105, 99),[string.char(70, 79, 82, 84, 45, 57, 32, 72, 101, 97, 118, 121, 32, 65, 115, 115, 97, 117, 108, 116, 32, 82, 105, 103)]=string.char(103, 101, 97, 114, 95, 114, 97, 114, 101),
[string.char(70, 79, 82, 84, 73, 83, 32, 67, 111, 97, 115, 116, 97, 108, 32, 79, 117, 116, 112, 111, 115, 116, 32, 67, 97, 99, 104, 101, 32, 75, 101, 121)]=string.char(107, 101, 121, 115),
[string.char(70, 79, 82, 84, 73, 83, 32, 76, 101, 118, 101, 108, 45, 48, 32, 107, 101, 121, 99, 97, 114, 100)]=string.char(107, 101, 121, 115),[string.char(70, 79, 82, 84, 73, 83, 32, 76, 101, 118, 101, 108, 45, 49, 32, 107, 101, 121, 99, 97, 114, 100)]=string.char(107, 101, 121, 115),
[string.char(70, 79, 82, 84, 73, 83, 32, 76, 101, 118, 101, 108, 45, 50, 32, 107, 101, 121, 99, 97, 114, 100)]=string.char(107, 101, 121, 115),[string.char(70, 79, 82, 84, 73, 83, 32, 76, 101, 118, 101, 108, 45, 51, 32, 107, 101, 121, 99, 97, 114, 100)]=string.char(107, 101, 121, 115),
[string.char(70, 79, 82, 84, 73, 83, 32, 76, 101, 118, 101, 108, 45, 52, 32, 107, 101, 121, 99, 97, 114, 100)]=string.char(107, 101, 121, 115),[string.char(70, 79, 82, 84, 73, 83, 32, 76, 101, 118, 101, 108, 45, 53, 32, 107, 101, 121, 99, 97, 114, 100)]=string.char(107, 101, 121, 115),
[string.char(70, 79, 82, 84, 73, 83, 32, 76, 101, 118, 101, 108, 45, 54, 32, 107, 101, 121, 99, 97, 114, 100)]=string.char(107, 101, 121, 115),[string.char(70, 79, 82, 84, 73, 83, 32, 77, 75, 46, 73, 73, 32, 71, 108, 111, 118, 101, 115)]=string.char(109, 121, 116, 104, 105, 99),
[string.char(71, 101, 97, 114, 115)]=string.char(99, 111, 109, 109, 111, 110),[string.char(71, 101, 109, 116, 101, 99, 104, 32, 83, 70, 78, 45, 53, 55, 32, 53, 46, 55, 120, 50, 56, 32, 115, 111, 117, 110, 100, 32, 115, 117, 112, 112, 114, 101, 115, 115, 111, 114)]=string.char(117, 110, 99, 111, 109, 109, 111, 110),
[string.char(71, 101, 111, 108, 111, 99, 97, 116, 111, 114)]=string.char(99, 111, 109, 109, 111, 110),[string.char(71, 108, 117, 101)]=string.char(99, 111, 109, 109, 111, 110),[string.char(71, 111, 108, 100, 32, 98, 97, 114)]=string.char(109, 121, 116, 104, 105, 99),
[string.char(71, 111, 108, 100, 32, 84, 114, 111, 112, 104, 121)]=string.char(114, 97, 114, 101),[string.char(71, 111, 108, 100, 101, 110, 32, 67, 117, 98, 101)]=string.char(114, 97, 114, 101),[string.char(71, 111, 108, 100, 101, 110, 32, 83, 107, 117, 108, 108)]=string.char(114, 97, 114, 101),
[string.char(71, 111, 108, 100, 101, 110, 32, 83, 109, 97, 114, 116, 112, 104, 111, 110, 101)]=string.char(114, 97, 114, 101),[string.char(71, 111, 108, 100, 101, 110, 32, 87, 97, 116, 99, 104)]=string.char(114, 97, 114, 101),
[string.char(71, 114, 97, 112, 104, 105, 99, 115, 32, 99, 97, 114, 100)]=string.char(114, 97, 114, 101),[string.char(71, 117, 110, 112, 111, 119, 100, 101, 114)]=string.char(114, 97, 114, 101),
[string.char(71, 122, 104, 101, 108, 45, 75, 32, 66, 111, 100, 121, 32, 65, 114, 109, 111, 114)]=string.char(109, 121, 116, 104, 105, 99),[string.char(72, 97, 110, 100, 32, 87, 114, 97, 112, 115)]=string.char(103, 101, 97, 114, 95, 99, 111, 109, 109, 111, 110),
[string.char(72, 97, 118, 111, 99, 111, 108, 97, 32, 67, 104, 101, 114, 114, 121, 32, 66, 117, 114, 110)]=string.char(99, 111, 109, 109, 111, 110),[string.char(72, 97, 118, 111, 99, 111, 108, 97, 32, 67, 108, 97, 115, 115, 105, 99)]=string.char(99, 111, 109, 109, 111, 110),
[string.char(72, 75, 32, 77, 80, 53, 32, 57, 120, 49, 57, 32, 51, 48, 45, 114, 111, 117, 110, 100, 32, 109, 97, 103, 97, 122, 105, 110, 101)]=string.char(117, 110, 99, 111, 109, 109, 111, 110),
[string.char(72, 75, 32, 77, 80, 53, 32, 57, 120, 49, 57, 32, 53, 48, 45, 114, 111, 117, 110, 100, 32, 100, 114, 117, 109, 32, 109, 97, 103, 97, 122, 105, 110, 101)]=string.char(117, 110, 99, 111, 109, 109, 111, 110),
[string.char(72, 75, 32, 77, 80, 55, 32, 52, 46, 54, 120, 51, 48, 32, 52, 48, 45, 114, 111, 117, 110, 100, 32, 109, 97, 103, 97, 122, 105, 110, 101)]=string.char(117, 110, 99, 111, 109, 109, 111, 110),
[string.char(72, 75, 32, 77, 80, 55, 32, 83, 68, 32, 50, 32, 52, 46, 54, 120, 51, 48, 32, 115, 111, 117, 110, 100, 32, 115, 117, 112, 112, 114, 101, 115, 115, 111, 114)]=string.char(117, 110, 99, 111, 109, 109, 111, 110),
[string.char(72, 75, 32, 85, 77, 80, 32, 46, 52, 53, 32, 65, 67, 80, 32, 50, 53, 45, 114, 111, 117, 110, 100, 32, 109, 97, 103, 97, 122, 105, 110, 101)]=string.char(117, 110, 99, 111, 109, 109, 111, 110),
[string.char(72, 77, 54, 58, 32, 72, 101, 109, 111, 115, 116, 97, 116, 105, 99, 32, 73, 110, 104, 97, 108, 101, 114)]=string.char(117, 115, 97, 98, 108, 101),[string.char(72, 111, 109, 101, 109, 97, 100, 101, 32, 83, 111, 97, 112)]=string.char(99, 111, 109, 109, 111, 110),
[string.char(72, 86, 67, 32, 71, 101, 110, 52, 32, 66, 111, 100, 121, 32, 65, 114, 109, 111, 114)]=string.char(109, 121, 116, 104, 105, 99),[string.char(72, 86, 67, 32, 71, 101, 110, 52, 32, 66, 111, 100, 121, 32, 65, 114, 109, 111, 114, 32, 40, 72, 77, 75, 41)]=string.char(109, 121, 116, 104, 105, 99),
[string.char(72, 86, 67, 32, 80, 108, 97, 116, 101, 32, 67, 97, 114, 114, 105, 101, 114)]=string.char(103, 101, 97, 114, 95, 114, 97, 114, 101),[string.char(72, 86, 67, 45, 49, 48, 84, 32, 78, 105, 103, 104, 116, 32, 86, 105, 115, 105, 111, 110, 32, 71, 111, 103, 103, 108, 101, 115)]=string.char(103, 101, 97, 114, 95, 114, 97, 114, 101),
[string.char(73, 109, 112, 114, 111, 118, 105, 115, 101, 100, 32, 112, 108, 97, 115, 116, 105, 99, 32, 115, 111, 117, 110, 100, 32, 115, 117, 112, 112, 114, 101, 115, 115, 111, 114)]=string.char(117, 110, 99, 111, 109, 109, 111, 110),
[string.char(73, 110, 115, 101, 99, 116, 105, 99, 105, 100, 101, 32, 115, 112, 114, 97, 121)]=string.char(99, 111, 109, 109, 111, 110),[string.char(73, 110, 115, 101, 99, 116, 115, 32, 83, 112, 114, 97, 121)]=string.char(99, 111, 109, 109, 111, 110),
[string.char(73, 110, 115, 117, 108, 105, 110, 32, 112, 117, 109, 112)]=string.char(99, 111, 109, 109, 111, 110),[string.char(73, 110, 116, 101, 103, 114, 97, 116, 101, 100, 32, 84, 97, 99, 116, 105, 99, 97, 108, 32, 80, 108, 97, 116, 101, 32, 67, 97, 114, 114, 105, 101, 114)]=string.char(103, 101, 97, 114, 95, 114, 97, 114, 101),
[string.char(73, 110, 116, 101, 108, 108, 105, 103, 101, 110, 99, 101, 32, 102, 111, 108, 100, 101, 114)]=string.char(114, 97, 114, 101),[string.char(75, 97, 114, 97, 109, 98, 105, 116)]=string.char(117, 110, 99, 111, 109, 109, 111, 110),
[string.char(75, 101, 121, 99, 97, 114, 100, 32, 104, 111, 108, 100, 101, 114, 32, 99, 97, 115, 101)]=string.char(117, 115, 97, 98, 108, 101),[string.char(75, 111, 114, 117, 110, 100, 45, 86, 77, 32, 66, 111, 100, 121, 32, 65, 114, 109, 111, 114)]=string.char(103, 101, 97, 114, 95, 114, 97, 114, 101),
[string.char(75, 101, 116, 99, 104, 117, 112)]=string.char(99, 111, 109, 109, 111, 110),[string.char(76, 101, 117, 112, 111, 108, 100, 32, 77, 97, 114, 107, 32, 56, 32, 56, 120, 50, 52, 32, 114, 105, 102, 108, 101, 115, 99, 111, 112, 101)]=string.char(117, 110, 99, 111, 109, 109, 111, 110),
[string.char(76, 111, 99, 107, 112, 105, 99, 107)]=string.char(117, 110, 99, 111, 109, 109, 111, 110),[string.char(76, 111, 110, 103, 32, 83, 99, 114, 101, 119, 100, 114, 105, 118, 101, 114)]=string.char(99, 111, 109, 109, 111, 110),
[string.char(76, 86, 80, 79, 32, 49, 48, 120, 50, 56, 32, 114, 105, 102, 108, 101, 115, 99, 111, 112, 101)]=string.char(117, 110, 99, 111, 109, 109, 111, 110),[string.char(77, 49, 56, 32, 40, 87, 104, 105, 116, 101, 41)]=string.char(117, 110, 99, 111, 109, 109, 111, 110),
[string.char(77, 50, 48, 48, 32, 46, 52, 48, 56, 32, 67, 104, 101, 121, 101, 110, 110, 101, 32, 84, 97, 99, 116, 105, 99, 97, 108, 32, 53, 45, 114, 111, 117, 110, 100, 32, 109, 97, 103, 97, 122, 105, 110, 101)]=string.char(117, 110, 99, 111, 109, 109, 111, 110),
[string.char(77, 52, 48, 32, 71, 97, 115, 32, 77, 97, 115, 107, 32, 70, 105, 108, 116, 101, 114)]=string.char(103, 101, 97, 114, 95, 114, 97, 114, 101),[string.char(77, 52, 48, 45, 49, 32, 71, 97, 115, 32, 77, 97, 115, 107)]=string.char(103, 101, 97, 114, 95, 99, 111, 109, 109, 111, 110),
[string.char(77, 52, 48, 45, 50, 32, 71, 97, 115, 32, 77, 97, 115, 107)]=string.char(103, 101, 97, 114, 95, 99, 111, 109, 109, 111, 110),[string.char(77, 54, 55)]=string.char(117, 110, 99, 111, 109, 109, 111, 110),[string.char(77, 56, 52)]=string.char(117, 110, 99, 111, 109, 109, 111, 110),
[string.char(77, 97, 103, 105, 99, 32, 76, 97, 109, 112)]=string.char(114, 97, 114, 101),[string.char(77, 97, 103, 110, 101, 116)]=string.char(99, 111, 109, 109, 111, 110),[string.char(77, 97, 115, 107)]=string.char(103, 101, 97, 114, 95, 99, 111, 109, 109, 111, 110),
[string.char(77, 66, 67, 32, 80, 108, 97, 116, 101, 32, 67, 97, 114, 114, 105, 101, 114)]=string.char(103, 101, 97, 114, 95, 99, 111, 109, 109, 111, 110),[string.char(77, 101, 97, 115, 117, 114, 105, 110, 103, 32, 116, 97, 112, 101)]=string.char(99, 111, 109, 109, 111, 110),
[string.char(77, 101, 97, 116, 32, 103, 114, 105, 110, 100, 101, 114)]=string.char(99, 111, 109, 109, 111, 110),[string.char(77, 101, 100, 105, 99, 97, 108, 32, 98, 108, 111, 111, 100, 115, 101, 116)]=string.char(99, 111, 109, 109, 111, 110),
[string.char(77, 101, 100, 105, 99, 97, 108, 32, 75, 105, 116)]=string.char(117, 115, 97, 98, 108, 101),[string.char(77, 101, 100, 105, 99, 97, 108, 32, 115, 101, 116)]=string.char(114, 97, 114, 101),
[string.char(77, 101, 116, 97, 108, 32, 65, 119, 108)]=string.char(99, 111, 109, 109, 111, 110),[string.char(77, 101, 116, 97, 108, 32, 67, 117, 116, 116, 105, 110, 103, 32, 83, 99, 105, 115, 115, 111, 114, 115)]=string.char(99, 111, 109, 109, 111, 110),
[string.char(77, 101, 116, 97, 108, 32, 102, 117, 101, 108, 32, 116, 97, 110, 107)]=string.char(99, 111, 109, 109, 111, 110),[string.char(77, 105, 99, 114, 111, 99, 105, 114, 99, 117, 105, 116, 115)]=string.char(99, 111, 109, 109, 111, 110),
[string.char(77, 105, 108, 105, 116, 97, 114, 121, 32, 66, 97, 99, 107, 112, 97, 99, 107)]=string.char(109, 121, 116, 104, 105, 99),[string.char(77, 105, 108, 105, 116, 97, 114, 121, 32, 72, 101, 108, 109, 101, 116)]=string.char(103, 101, 97, 114, 95, 99, 111, 109, 109, 111, 110),
[string.char(77, 107, 49, 52, 32, 55, 46, 54, 50, 120, 53, 49, 32, 49, 48, 45, 114, 111, 117, 110, 100, 32, 109, 97, 103, 97, 122, 105, 110, 101)]=string.char(99, 111, 109, 109, 111, 110),
[string.char(77, 111, 108, 111, 116, 111, 118)]=string.char(117, 110, 99, 111, 109, 109, 111, 110),[string.char(77, 79, 84, 82, 32, 67, 111, 110, 99, 101, 97, 108, 97, 98, 108, 101, 32, 82, 101, 105, 110, 102, 111, 114, 99, 101, 100, 32, 86, 101, 115, 116)]=string.char(103, 101, 97, 114, 95, 99, 111, 109, 109, 111, 110),
[string.char(77, 111, 117, 110, 116, 105, 110, 103, 32, 70, 111, 97, 109)]=string.char(99, 111, 109, 109, 111, 110),[string.char(77, 80, 57, 32, 57, 120, 49, 57, 32, 115, 111, 117, 110, 100, 32, 115, 117, 112, 112, 114, 101, 115, 115, 111, 114)]=string.char(117, 110, 99, 111, 109, 109, 111, 110),
[string.char(77, 83, 65, 32, 80, 97, 114, 97, 99, 108, 101, 116, 101, 32, 80, 108, 97, 116, 101, 32, 67, 97, 114, 114, 105, 101, 114)]=string.char(103, 101, 97, 114, 95, 114, 97, 114, 101),[string.char(77, 117, 103)]=string.char(99, 111, 109, 109, 111, 110),
[string.char(78, 97, 105, 108, 115)]=string.char(99, 111, 109, 109, 111, 110),[string.char(78, 67, 83, 116, 97, 114, 32, 65, 81, 80, 84, 76, 77, 71, 32, 67, 111, 109, 112, 97, 99, 116, 32, 71, 114, 101, 101, 110, 32, 76, 97, 115, 101, 114)]=string.char(117, 110, 99, 111, 109, 109, 111, 110),
[string.char(78, 105, 103, 104, 116, 102, 111, 114, 99, 101, 32, 65, 84, 65, 67, 82, 32, 55, 45, 51, 53, 120, 53, 54)]=string.char(117, 110, 99, 111, 109, 109, 111, 110),[string.char(78, 111, 109, 97, 100, 32, 82, 111, 117, 116, 101, 32, 78, 111, 116, 101, 115)]=string.char(114, 97, 114, 101),
[string.char(78, 111, 114, 116, 104, 32, 68, 111, 108, 112, 104, 105, 110, 32, 72, 111, 115, 112, 105, 116, 97, 108, 32, 83, 97, 102, 101, 32, 75, 101, 121)]=string.char(107, 101, 121, 115),
[string.char(78, 111, 114, 116, 104, 109, 111, 110, 116, 32, 83, 112, 97, 114, 107, 108, 105, 110, 103, 32, 67, 105, 100, 101, 114)]=string.char(114, 97, 114, 101),[string.char(78, 111, 118, 97, 84, 101, 99, 32, 114, 101, 102, 108, 101, 120, 32, 115, 105, 103, 104, 116)]=string.char(117, 110, 99, 111, 109, 109, 111, 110),
[string.char(78, 111, 118, 97, 84, 101, 99, 32, 82, 77, 82, 32, 114, 101, 102, 108, 101, 120, 32, 115, 105, 103, 104, 116)]=string.char(117, 110, 99, 111, 109, 109, 111, 110),
[string.char(79, 68, 87, 97, 118, 101, 32, 53, 53, 54, 32, 53, 46, 53, 54, 120, 52, 53, 32, 115, 111, 117, 110, 100, 32, 115, 117, 112, 112, 114, 101, 115, 115, 111, 114)]=string.char(117, 110, 99, 111, 109, 109, 111, 110),
[string.char(79, 105, 108, 32, 70, 105, 108, 116, 101, 114, 32, 115, 111, 117, 110, 100, 32, 115, 117, 112, 112, 114, 101, 115, 115, 111, 114)]=string.char(117, 110, 99, 111, 109, 109, 111, 110),[string.char(79, 75, 80, 45, 55, 32, 114, 101, 102, 108, 101, 120, 32, 115, 105, 103, 104, 116)]=string.char(117, 110, 99, 111, 109, 109, 111, 110),
[string.char(79, 114, 97, 110, 103, 101, 32, 106, 117, 105, 99, 101, 32, 99, 97, 114, 116, 111, 110)]=string.char(99, 111, 109, 109, 111, 110),[string.char(80, 65, 51, 58, 32, 82, 101, 108, 105, 101, 102, 32, 73, 110, 104, 97, 108, 101, 114)]=string.char(117, 115, 97, 98, 108, 101),
[string.char(80, 97, 99, 107, 32, 111, 102, 32, 109, 97, 116, 99, 104, 101, 115)]=string.char(99, 111, 109, 109, 111, 110),[string.char(80, 97, 108, 109, 111, 108, 105, 118, 101, 32, 104, 97, 110, 100, 119, 97, 115, 104)]=string.char(99, 111, 109, 109, 111, 110),
[string.char(80, 66, 83, 45, 49, 32, 115, 111, 117, 110, 100, 32, 115, 117, 112, 112, 114, 101, 115, 115, 111, 114)]=string.char(117, 110, 99, 111, 109, 109, 111, 110),[string.char(80, 101, 114, 102, 117, 109, 101)]=string.char(99, 111, 109, 109, 111, 110),
[string.char(80, 71, 45, 55, 86, 32, 72, 69, 65, 84, 32, 103, 114, 101, 110, 97, 100, 101)]=string.char(109, 121, 116, 104, 105, 99),[string.char(80, 105, 99, 107, 97, 120, 101)]=string.char(117, 110, 99, 111, 109, 109, 111, 110),
[string.char(80, 73, 67, 79, 45, 65, 49, 32, 76, 105, 103, 104, 116, 32, 76, 111, 119, 101, 114, 32, 66, 111, 100, 121, 32, 65, 114, 109, 111, 114)]=string.char(103, 101, 97, 114, 95, 99, 111, 109, 109, 111, 110),
[string.char(80, 73, 67, 79, 45, 65, 50, 32, 72, 101, 97, 118, 121, 32, 76, 111, 119, 101, 114, 32, 66, 111, 100, 121, 32, 65, 114, 109, 111, 114)]=string.char(103, 101, 97, 114, 95, 114, 97, 114, 101),[string.char(80, 105, 108, 101, 32, 111, 102, 32, 109, 101, 100, 115)]=string.char(99, 111, 109, 109, 111, 110),
[string.char(80, 105, 112, 101, 32, 119, 114, 101, 110, 99, 104)]=string.char(114, 97, 114, 101),[string.char(80, 105, 112, 101, 99, 108, 101, 97, 110, 101, 114)]=string.char(99, 111, 109, 109, 111, 110),[string.char(80, 111, 114, 99, 101, 108, 97, 105, 110)]=string.char(114, 97, 114, 101),
[string.char(80, 111, 119, 101, 114, 32, 117, 110, 105, 116)]=string.char(99, 111, 109, 109, 111, 110),[string.char(80, 111, 119, 101, 114, 98, 97, 110, 107)]=string.char(99, 111, 109, 109, 111, 110),
[string.char(80, 114, 101, 99, 105, 115, 105, 118, 101, 32, 71, 114, 105, 112, 115)]=string.char(103, 101, 97, 114, 95, 114, 97, 114, 101),[string.char(80, 114, 105, 110, 116, 101, 114, 32, 80, 97, 112, 101, 114)]=string.char(99, 111, 109, 109, 111, 110),
[string.char(80, 83, 79, 45, 49, 32, 52, 120, 50, 52, 32, 115, 99, 111, 112, 101)]=string.char(117, 110, 99, 111, 109, 109, 111, 110),[string.char(80, 85, 45, 49, 32, 51, 46, 53, 120, 32, 114, 105, 102, 108, 101, 115, 99, 111, 112, 101)]=string.char(117, 110, 99, 111, 109, 109, 111, 110),
[string.char(80, 117, 114, 101, 70, 105, 114, 101, 32, 88, 51, 48, 48, 32, 85, 108, 116, 114, 97)]=string.char(117, 110, 99, 111, 109, 109, 111, 110),[string.char(80, 88, 50, 55, 32, 72, 101, 97, 100, 108, 97, 109, 112)]=string.char(103, 101, 97, 114, 95, 114, 97, 114, 101),
[string.char(81, 68, 83, 83, 45, 78, 84, 52, 32, 53, 46, 53, 54, 120, 52, 53, 32, 115, 111, 117, 110, 100, 32, 115, 117, 112, 112, 114, 101, 115, 115, 111, 114)]=string.char(117, 110, 99, 111, 109, 109, 111, 110),
[string.char(82, 65, 77)]=string.char(114, 97, 114, 101),[string.char(82, 97, 112, 105, 100, 32, 69, 109, 101, 114, 103, 101, 110, 99, 121, 32, 65, 69, 68, 32, 67, 111, 109, 112, 97, 99, 116, 32, 84, 111, 111, 108)]=string.char(109, 121, 116, 104, 105, 99),
[string.char(82, 97, 116, 32, 80, 111, 105, 115, 111, 110)]=string.char(114, 97, 114, 101),[string.char(82, 71, 45, 57, 58, 32, 82, 101, 103, 101, 110, 101, 114, 97, 116, 105, 118, 101, 32, 73, 110, 104, 97, 108, 101, 114)]=string.char(117, 115, 97, 98, 108, 101),
[string.char(82, 75, 45, 49, 32, 116, 97, 99, 116, 105, 99, 97, 108, 32, 102, 111, 114, 101, 103, 114, 105, 112)]=string.char(117, 110, 99, 111, 109, 109, 111, 110),[string.char(82, 79, 86, 69, 82, 32, 77, 111, 116, 111, 114, 99, 121, 99, 108, 101, 32, 72, 101, 108, 109, 101, 116)]=string.char(103, 101, 97, 114, 95, 99, 111, 109, 109, 111, 110),
[string.char(82, 80, 75, 45, 49, 54, 32, 53, 46, 52, 53, 120, 51, 57, 32, 57, 53, 45, 114, 111, 117, 110, 100, 32, 100, 114, 117, 109, 32, 109, 97, 103, 97, 122, 105, 110, 101)]=string.char(117, 110, 99, 111, 109, 109, 111, 110),
[string.char(82, 86, 49, 49, 58, 32, 69, 109, 101, 114, 103, 101, 110, 99, 121, 32, 82, 101, 115, 117, 115, 99, 105, 116, 97, 116, 111, 114, 32, 73, 110, 104, 97, 108, 101, 114)]=string.char(117, 115, 97, 98, 108, 101),
[string.char(83, 38, 77, 32, 66, 97, 99, 107, 112, 97, 99, 107)]=string.char(117, 115, 97, 98, 108, 101),[string.char(83, 55, 58, 32, 83, 116, 105, 109, 117, 108, 97, 110, 116, 32, 73, 110, 104, 97, 108, 101, 114)]=string.char(117, 115, 97, 98, 108, 101),
[string.char(83, 65, 53, 56, 47, 70, 65, 76, 32, 55, 46, 54, 50, 120, 53, 49, 32, 50, 48, 45, 114, 111, 117, 110, 100, 32, 109, 97, 103, 97, 122, 105, 110, 101)]=string.char(117, 110, 99, 111, 109, 109, 111, 110),
[string.char(83, 65, 53, 56, 47, 70, 65, 76, 32, 55, 46, 54, 50, 120, 53, 49, 32, 53, 48, 45, 114, 111, 117, 110, 100, 32, 100, 114, 117, 109, 32, 109, 97, 103, 97, 122, 105, 110, 101)]=string.char(117, 110, 99, 111, 109, 109, 111, 110),
[string.char(83, 65, 73, 80, 72, 32, 115, 105, 103, 110, 97, 108, 32, 112, 105, 115, 116, 111, 108)]=string.char(117, 115, 97, 98, 108, 101),[string.char(83, 65, 83, 32, 100, 114, 105, 118, 101)]=string.char(114, 97, 114, 101),
[string.char(83, 99, 105, 115, 115, 111, 114, 115)]=string.char(99, 111, 109, 109, 111, 110),[string.char(83, 99, 114, 97, 112, 32, 77, 101, 116, 97, 108)]=string.char(99, 111, 109, 109, 111, 110),[string.char(83, 99, 114, 101, 119, 100, 114, 105, 118, 101, 114)]=string.char(99, 111, 109, 109, 111, 110),
[string.char(83, 99, 117, 98, 97, 32, 71, 101, 97, 114)]=string.char(103, 101, 97, 114, 95, 99, 111, 109, 109, 111, 110),[string.char(83, 101, 97, 108, 101, 100, 32, 98, 108, 97, 99, 107, 32, 102, 105, 108, 101)]=string.char(114, 97, 114, 101),
[string.char(83, 101, 97, 108, 105, 110, 103, 32, 70, 111, 97, 109)]=string.char(99, 111, 109, 109, 111, 110),[string.char(83, 101, 119, 105, 110, 103, 32, 75, 105, 116)]=string.char(99, 111, 109, 109, 111, 110),[string.char(83, 104, 97, 109, 112, 111, 111)]=string.char(99, 111, 109, 109, 111, 110),
[string.char(83, 104, 97, 114, 100, 115, 32, 105, 110, 32, 116, 104, 101, 32, 67, 111, 100, 101, 58, 32, 83, 101, 97, 115, 111, 110, 32, 79, 110, 101)]=string.char(99, 111, 109, 109, 111, 110),[string.char(83, 72, 65, 82, 75, 32, 109, 117, 122, 122, 108, 101, 32, 98, 114, 97, 107, 101)]=string.char(109, 121, 116, 104, 105, 99),
[string.char(83, 105, 108, 75, 111, 32, 79, 115, 112, 114, 101, 121, 32, 57, 32, 57, 120, 49, 57, 32, 115, 111, 117, 110, 100, 32, 115, 117, 112, 112, 114, 101, 115, 115, 111, 114)]=string.char(117, 110, 99, 111, 109, 109, 111, 110),
[string.char(83, 105, 108, 75, 111, 32, 83, 97, 108, 118, 111, 32, 49, 50, 32, 49, 50, 103, 97, 32, 115, 111, 117, 110, 100, 32, 115, 117, 112, 112, 114, 101, 115, 115, 111, 114)]=string.char(117, 110, 99, 111, 109, 109, 111, 110),
[string.char(83, 108, 105, 99, 107, 32, 80, 108, 97, 116, 101, 32, 67, 97, 114, 114, 105, 101, 114)]=string.char(109, 121, 116, 104, 105, 99),[string.char(83, 108, 105, 110, 103, 32, 66, 97, 103)]=string.char(117, 115, 97, 98, 108, 101),
[string.char(83, 109, 97, 114, 116, 112, 104, 111, 110, 101)]=string.char(99, 111, 109, 109, 111, 110),[string.char(83, 111, 100, 105, 117, 109, 32, 66, 105, 99, 97, 114, 98, 111, 110, 97, 116, 101)]=string.char(99, 111, 109, 109, 111, 110),
[string.char(83, 111, 100, 105, 117, 109, 32, 67, 104, 108, 111, 114, 105, 100, 101)]=string.char(99, 111, 109, 109, 111, 110),[string.char(83, 112, 108, 105, 110, 116)]=string.char(117, 115, 97, 98, 108, 101),[string.char(83, 112, 111, 111, 110)]=string.char(99, 111, 109, 109, 111, 110),
[string.char(83, 83, 68)]=string.char(114, 97, 114, 101),[string.char(83, 116, 105, 99, 107, 121, 32, 84, 97, 112, 101)]=string.char(99, 111, 109, 109, 111, 110),[string.char(83, 116, 114, 105, 110, 103)]=string.char(99, 111, 109, 109, 111, 110),
[string.char(83, 117, 112, 101, 114, 112, 117, 110, 99, 104)]=string.char(117, 110, 99, 111, 109, 109, 111, 110),[string.char(83, 117, 114, 101, 70, 105, 114, 101, 32, 51, 45, 112, 114, 111, 110, 103, 32, 102, 108, 97, 115, 104, 32, 104, 105, 100, 101, 114)]=string.char(117, 110, 99, 111, 109, 109, 111, 110),
[string.char(83, 117, 114, 101, 70, 105, 114, 101, 32, 52, 45, 112, 114, 111, 110, 103, 32, 102, 108, 97, 115, 104, 32, 104, 105, 100, 101, 114)]=string.char(117, 110, 99, 111, 109, 109, 111, 110),[string.char(83, 117, 114, 103, 105, 99, 97, 108, 32, 107, 105, 116)]=string.char(114, 97, 114, 101),
[string.char(83, 86, 45, 57, 56, 32, 55, 46, 54, 50, 120, 53, 52, 82, 32, 115, 111, 117, 110, 100, 32, 115, 117, 112, 112, 114, 101, 115, 115, 111, 114)]=string.char(117, 110, 99, 111, 109, 109, 111, 110),
[string.char(84, 45, 55, 32, 84, 104, 101, 114, 109, 97, 108, 32, 71, 111, 103, 103, 108, 101, 115)]=string.char(109, 121, 116, 104, 105, 99),[string.char(84, 49, 55, 56, 32, 82, 97, 105, 100, 32, 66, 97, 99, 107, 112, 97, 99, 107)]=string.char(109, 121, 116, 104, 105, 99),
[string.char(84, 97, 99, 116, 105, 99, 97, 108, 32, 83, 119, 111, 114, 100)]=string.char(117, 110, 99, 111, 109, 109, 111, 110),[string.char(84, 97, 110, 107, 32, 66, 97, 116, 116, 101, 114, 121)]=string.char(114, 97, 114, 101),
[string.char(84, 104, 101, 32, 53, 116, 104, 32, 65, 110, 110, 117, 97, 108, 32, 66, 108, 111, 120, 121, 32, 65, 119, 97, 114, 100)]=string.char(114, 97, 114, 101),[string.char(84, 104, 101, 32, 67, 114, 117, 99, 105, 98, 108, 101)]=string.char(109, 121, 116, 104, 105, 99),
[string.char(84, 104, 101, 32, 71, 114, 101, 97, 116, 101, 115, 116, 32, 65, 100, 109, 105, 110, 32, 112, 108, 117, 115, 104, 105, 101)]=string.char(114, 97, 114, 101),[string.char(84, 105, 116, 97, 110, 105, 117, 109, 32, 65, 108, 108, 111, 121, 32, 80, 108, 97, 116, 101)]=string.char(114, 97, 114, 101),
[string.char(84, 111, 105, 108, 101, 116, 32, 112, 97, 112, 101, 114)]=string.char(99, 111, 109, 109, 111, 110),[string.char(84, 111, 109, 97, 104, 97, 119, 107)]=string.char(117, 110, 99, 111, 109, 109, 111, 110),[string.char(84, 111, 111, 116, 104, 112, 97, 115, 116, 101)]=string.char(99, 111, 109, 109, 111, 110),
[string.char(84, 111, 117, 114, 110, 105, 113, 117, 101, 116)]=string.char(117, 115, 97, 98, 108, 101),[string.char(84, 117, 98, 101, 32, 111, 102, 32, 99, 111, 108, 100, 32, 119, 101, 108, 100, 105, 110, 103)]=string.char(99, 111, 109, 109, 111, 110),
[string.char(84, 121, 112, 101, 32, 48, 52, 45, 49, 32, 104, 111, 108, 111, 103, 114, 97, 112, 104, 105, 99, 32, 115, 105, 103, 104, 116)]=string.char(117, 110, 99, 111, 109, 109, 111, 110),
[string.char(84, 121, 112, 101, 32, 57, 53, 32, 53, 46, 56, 120, 52, 50, 109, 109, 32, 51, 48, 45, 114, 111, 117, 110, 100, 32, 109, 97, 103, 97, 122, 105, 110, 101)]=string.char(117, 110, 99, 111, 109, 109, 111, 110),
[string.char(85, 72, 45, 49, 32, 104, 111, 108, 111, 103, 114, 97, 112, 104, 105, 99, 32, 115, 105, 103, 104, 116)]=string.char(117, 110, 99, 111, 109, 109, 111, 110),[string.char(85, 76, 65, 67, 72, 32, 73, 73, 73, 65, 32, 72, 101, 108, 109, 101, 116)]=string.char(103, 101, 97, 114, 95, 114, 97, 114, 101),
[string.char(85, 83, 66, 32, 101, 120, 116, 101, 110, 115, 105, 111, 110, 32, 99, 97, 98, 108, 101)]=string.char(99, 111, 109, 109, 111, 110),
[string.char(86, 97, 110, 105, 115, 104, 32, 51, 48, 32, 53, 46, 53, 54, 120, 52, 53, 32, 115, 111, 117, 110, 100, 32, 115, 117, 112, 112, 114, 101, 115, 115, 111, 114)]=string.char(109, 121, 116, 104, 105, 99),
[string.char(86, 101, 103, 101, 116, 97, 98, 108, 101, 32, 111, 105, 108)]=string.char(99, 111, 109, 109, 111, 110),[string.char(86, 101, 114, 116, 105, 99, 97, 108, 32, 102, 111, 114, 101, 103, 114, 105, 112)]=string.char(117, 110, 99, 111, 109, 109, 111, 110),
[string.char(86, 105, 110, 116, 97, 103, 101, 32, 71, 111, 108, 100, 32, 67, 114, 111, 119, 110)]=string.char(114, 97, 114, 101),[string.char(86, 105, 116, 97, 109, 105, 110, 115)]=string.char(99, 111, 109, 109, 111, 110),
[string.char(87, 97, 116, 99, 104)]=string.char(99, 111, 109, 109, 111, 110),[string.char(87, 101, 97, 112, 111, 110, 32, 99, 97, 115, 101)]=string.char(117, 115, 97, 98, 108, 101),[string.char(87, 101, 97, 112, 111, 110, 32, 112, 97, 114, 116, 115)]=string.char(114, 97, 114, 101),
[string.char(87, 104, 105, 116, 101, 32, 116, 117, 98, 101)]=string.char(99, 111, 109, 109, 111, 110),[string.char(87, 114, 101, 110, 99, 104)]=string.char(99, 111, 109, 109, 111, 110),
[string.char(88, 76, 97, 115, 101, 114, 32, 112, 111, 105, 110, 116, 101, 114, 32, 109, 111, 100, 117, 108, 101)]=string.char(109, 121, 116, 104, 105, 99),[string.char(88, 116, 114, 101, 109, 101, 32, 77, 111, 116, 111, 114, 99, 121, 99, 108, 101, 32, 72, 101, 108, 109, 101, 116)]=string.char(103, 101, 97, 114, 95, 99, 111, 109, 109, 111, 110),
[string.char(89, 77, 65, 57, 53, 45, 49, 32, 51, 46, 53, 120, 32, 114, 105, 102, 108, 101, 115, 99, 111, 112, 101)]=string.char(117, 110, 99, 111, 109, 109, 111, 110),
}
local TC = {
common      = Color3.fromRGB(200,200,200),
uncommon    = Color3.fromRGB( 80,200, 80),
rare        = Color3.fromRGB(180, 60,255),
mythic      = Color3.fromRGB(255, 40, 40),
keys        = Color3.fromRGB(255,230, 50),
usable      = Color3.fromRGB( 60,210,210),
gear_common = Color3.fromRGB(180,130,255),
gear_rare   = Color3.fromRGB(220, 80,255),
cash        = Color3.fromRGB(100,255,100),
}
local function itemColor(name)
local t = ITEM_TIER[name]; return (t and TC[t]) or Color3.fromRGB(255,255,255)
end
local crateColors = {
[string.char(65, 109, 109, 117, 110, 105, 116, 105, 111, 110, 32, 66, 111, 120)]=Color3.fromRGB(255,80,40),[string.char(67, 97, 98, 105, 110, 101, 116)]=Color3.fromRGB(160,120,80),
[string.char(67, 97, 115, 104, 32, 82, 101, 103, 105, 115, 116, 101, 114)]=Color3.fromRGB(80,200,80),[string.char(67, 108, 111, 115, 101, 116)]=Color3.fromRGB(200,160,255),
[string.char(67, 111, 109, 112, 108, 101, 120, 32, 67, 114, 97, 116, 101)]=Color3.fromRGB(255,160,40),[string.char(67, 111, 109, 112, 117, 116, 101, 114)]=Color3.fromRGB(60,180,255),
[string.char(68, 105, 115, 104, 119, 97, 115, 104, 101, 114)]=Color3.fromRGB(120,220,240),[string.char(68, 111, 117, 98, 108, 101, 32, 87, 97, 115, 104, 105, 110, 103, 32, 77, 97, 99, 104, 105, 110, 101)]=Color3.fromRGB(100,200,255),
[string.char(68, 117, 102, 102, 101, 108, 32, 66, 97, 103)]=Color3.fromRGB(180,140,80),[string.char(69, 110, 118, 101, 108, 111, 112, 101)]=Color3.fromRGB(255,240,140),
[string.char(70, 105, 108, 101, 32, 67, 97, 98, 105, 110, 101, 116)]=Color3.fromRGB(160,160,160),[string.char(70, 114, 105, 100, 103, 101)]=Color3.fromRGB(180,240,255),
[string.char(72, 111, 115, 112, 105, 116, 97, 108, 67, 97, 98, 105, 110, 101, 116)]=Color3.fromRGB(200,255,220),[string.char(72, 111, 115, 112, 105, 116, 97, 108, 67, 108, 111, 115, 101, 116)]=Color3.fromRGB(160,240,200),
[string.char(72, 111, 115, 112, 105, 116, 97, 108, 84, 97, 98, 108, 101)]=Color3.fromRGB(120,220,180),[string.char(76, 111, 99, 107, 101, 114)]=Color3.fromRGB(100,140,200),
[string.char(77, 101, 100, 105, 99, 97, 108, 32, 66, 111, 120)]=Color3.fromRGB(255,60,100),[string.char(77, 101, 100, 105, 117, 109, 32, 87, 111, 111, 100, 101, 110, 32, 67, 114, 97, 116, 101)]=Color3.fromRGB(200,140,60),
[string.char(77, 105, 108, 105, 116, 97, 114, 121, 32, 67, 114, 97, 116, 101)]=Color3.fromRGB(100,160,60),[string.char(77, 105, 108, 105, 116, 97, 114, 121, 32, 70, 105, 108, 101, 32, 67, 97, 98, 105, 110, 101, 116)]=Color3.fromRGB(80,140,80),
[string.char(77, 105, 108, 105, 116, 97, 114, 121, 32, 82, 97, 100, 105, 111)]=Color3.fromRGB(60,200,120),[string.char(77, 105, 108, 116, 97, 114, 121, 32, 83, 101, 114, 118, 101, 114, 32, 85, 110, 105, 116)]=Color3.fromRGB(40,180,100),
[string.char(80, 105, 115, 116, 111, 108, 32, 67, 97, 115, 101)]=Color3.fromRGB(255,100,60),[string.char(82, 97, 105, 100, 101, 114, 32, 67, 97, 99, 104, 101)]=Color3.fromRGB(200,60,60),
[string.char(82, 105, 102, 108, 101, 32, 67, 97, 115, 101)]=Color3.fromRGB(220,80,40),[string.char(82, 117, 105, 110, 101, 100, 32, 76, 111, 99, 107, 101, 114)]=Color3.fromRGB(140,100,80),
[string.char(82, 117, 105, 110, 101, 100, 32, 83, 109, 97, 108, 108, 32, 67, 97, 115, 101)]=Color3.fromRGB(160,110,90),[string.char(83, 97, 102, 101)]=Color3.fromRGB(80,80,200),
[string.char(83, 101, 114, 118, 101, 114, 32, 85, 110, 105, 116)]=Color3.fromRGB(60,140,255),[string.char(83, 109, 97, 108, 108, 32, 67, 97, 115, 101)]=Color3.fromRGB(255,180,80),
[string.char(83, 116, 97, 110, 100, 105, 110, 103, 65, 84, 77)]=Color3.fromRGB(40,200,200),[string.char(83, 116, 111, 118, 101)]=Color3.fromRGB(220,120,60),
[string.char(83, 117, 114, 103, 101, 111, 110, 39, 115, 32, 84, 111, 111, 108, 32, 83, 104, 101, 108, 102)]=Color3.fromRGB(100,255,200),[string.char(84, 97, 108, 108, 70, 114, 105, 100, 103, 101)]=Color3.fromRGB(160,220,255),
[string.char(84, 101, 99, 104, 110, 105, 99, 97, 108, 32, 83, 104, 101, 108, 102)]=Color3.fromRGB(120,160,220),[string.char(84, 111, 111, 108, 32, 83, 104, 101, 108, 102)]=Color3.fromRGB(200,160,80),
[string.char(84, 111, 111, 108, 98, 111, 120)]=Color3.fromRGB(255,140,20),[string.char(87, 97, 108, 108, 65, 84, 77)]=Color3.fromRGB(20,180,180),
[string.char(87, 97, 115, 104, 105, 110, 103, 32, 77, 97, 99, 104, 105, 110, 101)]=Color3.fromRGB(140,200,255),[string.char(87, 101, 97, 112, 111, 110, 32, 66, 111, 120)]=Color3.fromRGB(255,60,60),
[string.char(87, 101, 97, 112, 111, 110, 32, 76, 111, 99, 107, 101, 114)]=Color3.fromRGB(220,40,40),[string.char(87, 111, 111, 100, 101, 110, 32, 67, 114, 97, 116, 101)]=Color3.fromRGB(180,120,40),
}
local CAT_CONTAINERS = {
string.char(65, 109, 109, 117, 110, 105, 116, 105, 111, 110, 32, 66, 111, 120),string.char(67, 97, 98, 105, 110, 101, 116),string.char(67, 97, 115, 104, 32, 82, 101, 103, 105, 115, 116, 101, 114),string.char(67, 108, 111, 115, 101, 116),string.char(67, 111, 109, 112, 108, 101, 120, 32, 67, 114, 97, 116, 101),
string.char(67, 111, 109, 112, 117, 116, 101, 114),string.char(68, 105, 115, 104, 119, 97, 115, 104, 101, 114),string.char(68, 111, 117, 98, 108, 101, 32, 87, 97, 115, 104, 105, 110, 103, 32, 77, 97, 99, 104, 105, 110, 101),string.char(68, 117, 102, 102, 101, 108, 32, 66, 97, 103),string.char(69, 110, 118, 101, 108, 111, 112, 101),
string.char(70, 105, 108, 101, 32, 67, 97, 98, 105, 110, 101, 116),string.char(70, 114, 105, 100, 103, 101),string.char(72, 111, 115, 112, 105, 116, 97, 108, 67, 97, 98, 105, 110, 101, 116),string.char(72, 111, 115, 112, 105, 116, 97, 108, 67, 108, 111, 115, 101, 116),string.char(72, 111, 115, 112, 105, 116, 97, 108, 84, 97, 98, 108, 101),
string.char(76, 111, 99, 107, 101, 114),string.char(77, 101, 100, 105, 99, 97, 108, 32, 66, 111, 120),string.char(77, 101, 100, 105, 117, 109, 32, 87, 111, 111, 100, 101, 110, 32, 67, 114, 97, 116, 101),string.char(77, 105, 108, 105, 116, 97, 114, 121, 32, 67, 114, 97, 116, 101),
string.char(77, 105, 108, 105, 116, 97, 114, 121, 32, 70, 105, 108, 101, 32, 67, 97, 98, 105, 110, 101, 116),string.char(77, 105, 108, 105, 116, 97, 114, 121, 32, 82, 97, 100, 105, 111),string.char(77, 105, 108, 116, 97, 114, 121, 32, 83, 101, 114, 118, 101, 114, 32, 85, 110, 105, 116),string.char(80, 105, 115, 116, 111, 108, 32, 67, 97, 115, 101),
string.char(82, 97, 105, 100, 101, 114, 32, 67, 97, 99, 104, 101),string.char(82, 105, 102, 108, 101, 32, 67, 97, 115, 101),string.char(82, 117, 105, 110, 101, 100, 32, 76, 111, 99, 107, 101, 114),string.char(82, 117, 105, 110, 101, 100, 32, 83, 109, 97, 108, 108, 32, 67, 97, 115, 101),string.char(83, 97, 102, 101),
string.char(83, 101, 114, 118, 101, 114, 32, 85, 110, 105, 116),string.char(83, 109, 97, 108, 108, 32, 67, 97, 115, 101),string.char(83, 116, 97, 110, 100, 105, 110, 103, 65, 84, 77),string.char(83, 116, 111, 118, 101),string.char(83, 117, 114, 103, 101, 111, 110, 39, 115, 32, 84, 111, 111, 108, 32, 83, 104, 101, 108, 102),
string.char(84, 97, 108, 108, 70, 114, 105, 100, 103, 101),string.char(84, 101, 99, 104, 110, 105, 99, 97, 108, 32, 83, 104, 101, 108, 102),string.char(84, 111, 111, 108, 32, 83, 104, 101, 108, 102),string.char(84, 111, 111, 108, 98, 111, 120),string.char(87, 97, 108, 108, 65, 84, 77),
string.char(87, 97, 115, 104, 105, 110, 103, 32, 77, 97, 99, 104, 105, 110, 101),string.char(87, 101, 97, 112, 111, 110, 32, 66, 111, 120),string.char(87, 101, 97, 112, 111, 110, 32, 76, 111, 99, 107, 101, 114),string.char(87, 111, 111, 100, 101, 110, 32, 67, 114, 97, 116, 101),
}
local CFG = {
lootEnabled  = false,
maxDist      = 300,
showMythic   = false,
showRare     = false,
showKeys     = false,
showUncommon = false,
showUsable   = false,
showCommon   = false,
showGear     = false,
showCash     = false,
showCrates   = false,
selectedCrates = {},
entityEnabled  = true,
entityMaxDist  = 200,
showPlayers    = true,
showNPCs       = true,
showHealth     = true,
showName       = true,
showDist       = true,
showWeapon     = true,
}
local TIER_SHOW = {
mythic      = function() return CFG.showMythic   end,
rare        = function() return CFG.showRare     end,
keys        = function() return CFG.showKeys     end,
uncommon    = function() return CFG.showUncommon end,
usable      = function() return CFG.showUsable   end,
common      = function() return CFG.showCommon   end,
gear_common = function() return CFG.showGear     end,
gear_rare   = function() return CFG.showGear     end,
cash        = function() return CFG.showCash     end,
}
local function tierVisible(name)
local t  = ITEM_TIER[name]
local fn = t and TIER_SHOW[t]
return fn and fn() or false
end
local tabLoot   = window:addTab(string.char(76, 111, 111, 116, 32, 69, 83, 80))
local secLootL  = tabLoot:addSection(string.char(73, 116, 101, 109, 115), string.char(76, 101, 102, 116))
local secLootR  = tabLoot:addSection(string.char(83, 101, 116, 116, 105, 110, 103, 115), string.char(82, 105, 103, 104, 116))
local tabEnt    = window:addTab(string.char(69, 110, 116, 105, 116, 121, 32, 69, 83, 80))
local secEntL   = tabEnt:addSection(string.char(84, 97, 114, 103, 101, 116, 115), string.char(76, 101, 102, 116))
local secEntR   = tabEnt:addSection(string.char(68, 105, 115, 112, 108, 97, 121), string.char(82, 105, 103, 104, 116))
secLootL:addToggle(string.char(108, 111, 111, 116, 95, 101, 110),    string.char(69, 110, 97, 98, 108, 101, 32, 76, 111, 111, 116, 32, 69, 83, 80),  false,  function(v) CFG.lootEnabled  = v end)
secLootL:addSeparator()
secLootL:addToggle(string.char(115, 104, 111, 119, 95, 109, 121, 116, 104),  string.char(77, 121, 116, 104, 105, 99),           false,  function(v) CFG.showMythic   = v end)
secLootL:addToggle(string.char(115, 104, 111, 119, 95, 114, 97, 114, 101),  string.char(82, 97, 114, 101),             false,  function(v) CFG.showRare     = v end)
secLootL:addToggle(string.char(115, 104, 111, 119, 95, 107, 101, 121, 115),  string.char(75, 101, 121, 115),             false,  function(v) CFG.showKeys     = v end)
secLootL:addToggle(string.char(115, 104, 111, 119, 95, 103, 101, 97, 114),  string.char(71, 101, 97, 114),             false,  function(v) CFG.showGear     = v end)
secLootL:addToggle(string.char(115, 104, 111, 119, 95, 99, 97, 115, 104),  string.char(67, 97, 115, 104),             false,  function(v) CFG.showCash     = v end)
secLootL:addToggle(string.char(115, 104, 111, 119, 95, 117, 110, 99),   string.char(85, 110, 99, 111, 109, 109, 111, 110),         false, function(v) CFG.showUncommon = v end)
secLootL:addToggle(string.char(115, 104, 111, 119, 95, 117, 115, 101),   string.char(85, 115, 97, 98, 108, 101, 32, 47, 32, 73, 110, 104, 97, 108, 101, 114, 115),false, function(v) CFG.showUsable   = v end)
secLootL:addToggle(string.char(115, 104, 111, 119, 95, 99, 111, 109),   string.char(67, 111, 109, 109, 111, 110),           false, function(v) CFG.showCommon   = v end)
secLootL:addSeparator()
secLootL:addToggle(string.char(115, 104, 111, 119, 95, 99, 114, 97, 116, 101, 115),string.char(67, 114, 97, 116, 101, 115),           false, function(v) CFG.showCrates   = v end)
secLootL:addMultiDropdown(string.char(99, 114, 97, 116, 101, 95, 115, 101, 108),string.char(83, 101, 108, 101, 99, 116, 32, 67, 114, 97, 116, 101, 115), CAT_CONTAINERS, {}, function(sel)
local t = {}; for _,v in ipairs(sel) do t[v]=true end; CFG.selectedCrates = t
end, false)
secLootR:addSlider(string.char(108, 111, 111, 116, 95, 100, 105, 115, 116), string.char(77, 97, 120, 32, 68, 105, 115, 116, 97, 110, 99, 101), 10, 2000, 300, function(v) CFG.maxDist = v end)
secEntL:addToggle(string.char(101, 110, 116, 95, 101, 110),   string.char(69, 110, 97, 98, 108, 101, 32, 69, 110, 116, 105, 116, 121, 32, 69, 83, 80), true,  function(v) CFG.entityEnabled = v end)
secEntL:addSeparator()
secEntL:addToggle(string.char(101, 110, 116, 95, 112, 108, 114),  string.char(80, 108, 97, 121, 101, 114, 115),           true,  function(v) CFG.showPlayers   = v end)
secEntL:addToggle(string.char(101, 110, 116, 95, 110, 112, 99),  string.char(78, 80, 67, 115),              true,  function(v) CFG.showNPCs      = v end)
secEntL:addSlider(string.char(101, 110, 116, 95, 100, 105, 115, 116), string.char(77, 97, 120, 32, 68, 105, 115, 116, 97, 110, 99, 101), 50, 1000, 200, function(v) CFG.entityMaxDist = v end)
secEntR:addToggle(string.char(101, 110, 116, 95, 110, 97, 109, 101), string.char(78, 97, 109, 101),        true,  function(v) CFG.showName   = v end)
secEntR:addToggle(string.char(101, 110, 116, 95, 100, 105, 115, 116, 50),string.char(68, 105, 115, 116, 97, 110, 99, 101),    true,  function(v) CFG.showDist   = v end)
secEntR:addToggle(string.char(101, 110, 116, 95, 104, 112),   string.char(72, 101, 97, 108, 116, 104, 32, 66, 97, 114),  true,  function(v) CFG.showHealth = v end)
secEntR:addToggle(string.char(101, 110, 116, 95, 119, 112, 110),  string.char(72, 101, 108, 100, 32, 87, 101, 97, 112, 111, 110), true,  function(v) CFG.showWeapon = v end)
local tabCombat  = window:addTab(string.char(67, 111, 109, 98, 97, 116))
local secCombatL = tabCombat:addSection(string.char(78, 111, 32, 82, 101, 99, 111, 105, 108), string.char(76, 101, 102, 116))
local secCombatR = tabCombat:addSection(string.char(73, 110, 115, 116, 97, 110, 116, 32, 76, 111, 111, 116), string.char(82, 105, 103, 104, 116))
local RECOIL = {
enabled = false,
cache   = nil,
payload = {
vPunchBase=0, hPunchBase=0, spreadReduce=100,
spread={y={[1]=0,[2]=0,[3]=0},x={[1]=0,[2]=0,[3]=0},z={[1]=0,[2]=0,[3]=0}},
vel=100000, weight=0, aimWeight=0, unAimWeight=0,
},
}
secCombatL:addToggle(string.char(110, 111, 114, 101, 99, 111, 105, 108), string.char(78, 111, 32, 82, 101, 99, 111, 105, 108), false, function(v)
RECOIL.enabled = v
if v then
task.spawn(function()
task.wait()
local ok, cache = pcall(getgc, {
string.char(118, 80, 117, 110, 99, 104, 66, 97, 115, 101),string.char(104, 80, 117, 110, 99, 104, 66, 97, 115, 101),string.char(118, 101, 108),
string.char(115, 112, 114, 101, 97, 100, 82, 101, 100, 117, 99, 101),string.char(119, 101, 105, 103, 104, 116),string.char(117, 110, 65, 105, 109, 87, 101, 105, 103, 104, 116),string.char(97, 105, 109, 87, 101, 105, 103, 104, 116)
})
RECOIL.cache = (ok and cache) or nil
end)
else
RECOIL.cache = nil
end
end)
local INSTANT_LOOT = { enabled=false, loopThread=nil }
local IL_GC_KEYS = {
string.char(115, 101, 97, 114, 99, 104, 95, 115, 112, 101, 101, 100),string.char(115, 101, 97, 114, 99, 104, 83, 112, 101, 101, 100),string.char(83, 101, 97, 114, 99, 104, 83, 112, 101, 101, 100),
string.char(115, 101, 97, 114, 99, 104, 84, 105, 109, 101),string.char(83, 101, 97, 114, 99, 104, 84, 105, 109, 101),string.char(115, 101, 97, 114, 99, 104, 68, 117, 114, 97, 116, 105, 111, 110),
string.char(108, 111, 111, 116, 83, 101, 97, 114, 99, 104, 84, 105, 109, 101),string.char(99, 111, 110, 116, 97, 105, 110, 101, 114, 83, 101, 97, 114, 99, 104, 84, 105, 109, 101),
string.char(108, 101, 118, 101, 108),string.char(114, 101, 113, 117, 105, 114, 101, 100, 95, 108, 101, 118, 101, 108),
}
local IL_GC_VALUES = {
search_speed=999999, searchSpeed=999999, SearchSpeed=999999,
searchTime=0, SearchTime=0, searchDuration=0,
lootSearchTime=0, containerSearchTime=0,
level=50, required_level=0,
}
local IL_CACHE = nil
local function il_applyGC()
pcall(function()
if not IL_CACHE or #IL_CACHE == 0 then
IL_CACHE = getgc(IL_GC_KEYS)
end
if IL_CACHE and #IL_CACHE > 0 then
applygc(IL_CACHE, IL_GC_VALUES)
end
end)
end
local function il_patchSkillsOn(model)
if not model then return end
local playerData = model:FindFirstChild(string.char(112, 108, 97, 121, 101, 114, 68, 97, 116, 97))
local skills     = playerData and playerData:FindFirstChild(string.char(115, 107, 105, 108, 108, 115))
if not skills then return end
local scavenger  = skills:FindFirstChild(string.char(83, 99, 97, 118, 101, 110, 103, 101, 114))
local level      = scavenger and scavenger:FindFirstChild(string.char(108, 101, 118, 101, 108))
if level then pcall(function() level.Value = 50 end) end
end
local function il_patchLocal()
local lp = Players.LocalPlayer
if not lp then return end
local char = lp.Character
il_patchSkillsOn(char)
if char then
local ok, raidFolder = pcall(function() return char.Parent end)
if ok and raidFolder and raidFolder ~= workspace then
il_patchSkillsOn(raidFolder:FindFirstChild(lp.Name))
end
end
end
local function startInstantLoot()
IL_CACHE = nil
il_applyGC()
il_patchLocal()
INSTANT_LOOT.loopThread = task.spawn(function()
while INSTANT_LOOT.enabled do
task.wait(2)
if not INSTANT_LOOT.enabled then break end
il_applyGC()
il_patchLocal()
end
end)
end
local function stopInstantLoot()
INSTANT_LOOT.enabled    = false
INSTANT_LOOT.loopThread = nil
IL_CACHE = nil
end
secCombatR:addToggle(string.char(105, 110, 115, 116, 97, 110, 116, 108, 111, 111, 116), string.char(73, 110, 115, 116, 97, 110, 116, 32, 76, 111, 111, 116), false, function(v)
INSTANT_LOOT.enabled = v
if v then startInstantLoot() else stopInstantLoot() end
end)
local tabHazard  = window:addTab(string.char(72, 97, 122, 97, 114, 100))
local secHazL    = tabHazard:addSection(string.char(87, 111, 114, 108, 100, 32, 83, 99, 97, 110, 110, 101, 114), string.char(76, 101, 102, 116))
local secHazR    = tabHazard:addSection(string.char(83, 101, 116, 116, 105, 110, 103, 115), string.char(82, 105, 103, 104, 116))
local HAZARD = {
sentryEnabled   = false,
corpseEnabled   = false,
sliderEnabled   = false,
maxDist         = 500,
sentryColor     = Color3.fromRGB(255, 60,  60),
corpseColor     = Color3.fromRGB(200,200, 200),
sliderColors    = {
[0]=Color3.fromRGB(180,180,180),
[1]=Color3.fromRGB(100,220,100),
[2]=Color3.fromRGB( 80,160,255),
[3]=Color3.fromRGB(180,100,255),
[4]=Color3.fromRGB(255,180, 50),
[5]=Color3.fromRGB(255, 60, 60),
[6]=Color3.fromRGB(255,215,  0),
},
sliderFallback  = Color3.fromRGB(255,215,0),
}
secHazL:addToggle(string.char(104, 97, 122, 95, 115, 101, 110, 116, 114, 121),  string.char(83, 101, 110, 116, 114, 121, 32, 84, 117, 114, 114, 101, 116, 115),  false, function(v) HAZARD.sentryEnabled = v end)
secHazL:addToggle(string.char(104, 97, 122, 95, 99, 111, 114, 112, 115, 101),  string.char(67, 111, 114, 112, 115, 101, 115),              false,  function(v) HAZARD.corpseEnabled  = v end)
secHazL:addToggle(string.char(104, 97, 122, 95, 115, 108, 105, 100, 101, 114),  string.char(75, 101, 121, 99, 97, 114, 100, 32, 83, 108, 105, 100, 101, 114, 115),      false,  function(v) HAZARD.sliderEnabled  = v end)
secHazR:addSlider(string.char(104, 97, 122, 95, 100, 105, 115, 116),    string.char(77, 97, 120, 32, 68, 105, 115, 116, 97, 110, 99, 101), 50, 3000, 500, function(v) HAZARD.maxDist        = v end)
window.visible = true
window:render()
local FONT      = Drawing.Fonts.System
local FONT_ENT  = Drawing.Fonts.System
local function newText(size)
local t = Drawing.new(string.char(84, 101, 120, 116))
t.Outline = false
t.Center  = true
t.Font    = FONT
t.Size    = size or 13
t.ZIndex  = 1
t.Visible = false
return t
end
local function newDot()
local d = Drawing.new(string.char(67, 105, 114, 99, 108, 101))
d.Radius   = 4
d.Filled   = true
d.NumSides = 12
d.Thickness= 1
d.Visible  = false
return d
end
local function newLine(col, thick)
local l = Drawing.new(string.char(76, 105, 110, 101))
l.Color     = col or Color3.new(1,1,1)
l.Thickness = thick or 1
l.Visible   = false
return l
end
local function newEntText(size)
local t = Drawing.new(string.char(84, 101, 120, 116))
t.Outline = false
t.Center  = true
t.Font    = FONT_ENT
t.Size    = size or 13
t.ZIndex  = 1
t.Visible = false
return t
end
local LOOT_POOL = 300
local lootLabels = {}
local lootDots   = {}
for i = 1, LOOT_POOL do
lootLabels[i] = newText(13)
lootDots[i]   = newDot()
end
local lootObjects = {}
local lootDrawn   = 0
local ENT_MAX  = 64
local entSlots = {}
for i = 1, ENT_MAX do
entSlots[i] = {
name   = newEntText(13),
dist   = newEntText(12),
hpBg   = newLine(Color3.fromRGB(30,30,30), 4),
hpFg   = newLine(Color3.fromRGB(80,220,80), 4),
hpTxt  = newEntText(11),
weapon = newEntText(11),
}
end
local entObjects = {}
local entDrawn   = 0
local function hideEnt(s)
s.name.Visible=false; s.dist.Visible=false
s.hpBg.Visible=false; s.hpFg.Visible=false
s.hpTxt.Visible=false; s.weapon.Visible=false
end
for i = 1, ENT_MAX do hideEnt(entSlots[i]) end
local function getLootsFolder()
local b = workspace:FindFirstChild(string.char(66, 117, 105, 108, 100, 105, 110, 103, 115))
return b and b:FindFirstChild(string.char(76, 111, 111, 116, 115))
end
local function rebuildLoot()
local lp   = Players.LocalPlayer
local char = lp and lp.Character
local hrp  = char and char:FindFirstChild(string.char(72, 117, 109, 97, 110, 111, 105, 100, 82, 111, 111, 116, 80, 97, 114, 116))
if not hrp then lootObjects = {}; return end
local myPos  = hrp.Position
local maxDSq = CFG.maxDist * CFG.maxDist
local lf     = getLootsFolder()
if not lf then lootObjects = {}; return end
local itemsF  = lf:FindFirstChild(string.char(73, 116, 101, 109, 115))
local loots2  = lf:FindFirstChild(string.char(76, 111, 111, 116, 115))
local cratesF = loots2 and loots2:FindFirstChild(string.char(67, 114, 97, 116, 101, 115))
local out     = {}
local function scan(folder, colorFn, filterFn)
if not folder then return end
local ok, kids = pcall(function() return folder:GetChildren() end)
if not ok or not kids then return end
for _, obj in ipairs(kids) do
if filterFn(obj.Name) then
local root = obj:FindFirstChildWhichIsA(string.char(66, 97, 115, 101, 80, 97, 114, 116))
if root and root.Parent then
local rp = root.Position
local dx=rp.X-myPos.X; local dy=rp.Y-myPos.Y; local dz=rp.Z-myPos.Z
if dx*dx+dy*dy+dz*dz <= maxDSq then
out[#out+1] = { part=root, name=obj.Name, color=colorFn(obj.Name) }
end
end
end
end
end
scan(itemsF,
function(n) return itemColor(n) end,
function(n) return tierVisible(n) end
)
if CFG.showCrates and cratesF then
scan(cratesF,
function(n) return crateColors[n] or Color3.fromRGB(200,200,200) end,
function(n) return CFG.selectedCrates[n] == true end
)
end
lootObjects = out
end
local _npcRef   = nil
local _npcStamp = 0
local function findNPCFolder()
local pChars = {}
for _, plr in ipairs(Players:GetPlayers()) do
if plr.Character then pChars[plr.Character]=true end
end
local lp     = Players.LocalPlayer
local myChar = lp and lp.Character
local ok, kids = pcall(function() return workspace:GetChildren() end)
if not ok or not kids then return nil end
for _, c in ipairs(kids) do
if (c.ClassName==string.char(70, 111, 108, 100, 101, 114) or c.ClassName==string.char(77, 111, 100, 101, 108)) and c~=myChar and not pChars[c] then
local ok2, ck = pcall(function() return c:GetChildren() end)
if ok2 and ck then
for _, child in ipairs(ck) do
if child.ClassName==string.char(77, 111, 100, 101, 108) then
local ok3, h = pcall(function()
return child:FindFirstChildOfClass(string.char(72, 117, 109, 97, 110, 111, 105, 100))
end)
if ok3 and h then return c end
end
end
end
end
end
return nil
end
local function getNPCFolder()
local now = tick()
if not _npcRef or (now-_npcStamp) > 5 then
_npcRef   = findNPCFolder()
_npcStamp = now
end
return _npcRef
end
local function rebuildEntities()
local lp   = Players.LocalPlayer
local char = lp and lp.Character
local hrp  = char and char:FindFirstChild(string.char(72, 117, 109, 97, 110, 111, 105, 100, 82, 111, 111, 116, 80, 97, 114, 116))
if not hrp then entObjects={}; return end
local myPos  = hrp.Position
local maxDSq = CFG.entityMaxDist * CFG.entityMaxDist
local out    = {}
local pChars = {}; local pNames = {}
for _, plr in ipairs(Players:GetPlayers()) do
if plr.Character then pChars[plr.Character]=true end
pNames[plr.Name]=true
end
if CFG.showPlayers then
for _, plr in ipairs(Players:GetPlayers()) do
if plr~=lp then
local pc = plr.Character
local ph = pc and pc:FindFirstChild(string.char(72, 117, 109, 97, 110, 111, 105, 100, 82, 111, 111, 116, 80, 97, 114, 116))
if ph and ph.Parent then
local rp=ph.Position
local dx=rp.X-myPos.X; local dy=rp.Y-myPos.Y; local dz=rp.Z-myPos.Z
if dx*dx+dy*dy+dz*dz<=maxDSq then
out[#out+1]={
hrp=ph, char=pc, label=plr.Name,
hum=pc:FindFirstChildOfClass(string.char(72, 117, 109, 97, 110, 111, 105, 100)),
isPlayer=true, color=Color3.fromRGB(80,220,255),
}
end
end
end
end
end
if CFG.showNPCs then
local nf = getNPCFolder()
if nf then
local ok, kids = pcall(function() return nf:GetChildren() end)
if ok and kids then
for _, child in ipairs(kids) do
if child.ClassName==string.char(77, 111, 100, 101, 108) and not pChars[child] and child~=char and not pNames[child.Name] then
local hum = child:FindFirstChildOfClass(string.char(72, 117, 109, 97, 110, 111, 105, 100))
if hum then
local ph = child:FindFirstChild(string.char(72, 117, 109, 97, 110, 111, 105, 100, 82, 111, 111, 116, 80, 97, 114, 116))
or child:FindFirstChild(string.char(84, 111, 114, 115, 111))
if ph then
local rp=ph.Position
local dx=rp.X-myPos.X; local dy=rp.Y-myPos.Y; local dz=rp.Z-myPos.Z
if dx*dx+dy*dy+dz*dz<=maxDSq then
out[#out+1]={
hrp=ph, char=child, label=child.Name,
hum=hum, isPlayer=false,
color=Color3.fromRGB(255,80,80),
}
end
end
end
end
end
end
end
end
table.sort(out, function(a,b)
local ap=a.hrp.Position; local bp=b.hrp.Position
local adx=ap.X-myPos.X; local ady=ap.Y-myPos.Y; local adz=ap.Z-myPos.Z
local bdx=bp.X-myPos.X; local bdy=bp.Y-myPos.Y; local bdz=bp.Z-myPos.Z
return adx*adx+ady*ady+adz*adz < bdx*bdx+bdy*bdy+bdz*bdz
end)
for i=ENT_MAX+1,#out do out[i]=nil end
entObjects = out
end
local HAZ_POOL = 80
local hazLabels = {}
local hazDots   = {}
for i = 1, HAZ_POOL do
hazLabels[i] = newText(13)
hazDots[i]   = newDot()
end
local hazObjects = {}
local hazDrawn   = 0
local _hazFolders = {
sentry  = nil,
corpse  = nil,
slider  = nil,
}
local function resolveFolder(key, pathFn)
local ref = _hazFolders[key]
if ref and ref.Parent then return ref end
local ok, f = pcall(pathFn)
_hazFolders[key] = ok and f or nil
return _hazFolders[key]
end
local function getSliderTier(name)
local n = name:match(string.char(91, 76, 108, 93, 101, 118, 101, 108, 91, 45, 37, 32, 93, 63, 40, 37, 100, 41)) or name:match(string.char(40, 37, 100, 41))
if n then
local t = tonumber(n)
if t and t >= 0 and t <= 6 then return t end
end
return nil
end
local function rebuildHazards()
local lp   = Players.LocalPlayer
local char = lp and lp.Character
local hrp  = char and char:FindFirstChild(string.char(72, 117, 109, 97, 110, 111, 105, 100, 82, 111, 111, 116, 80, 97, 114, 116))
if not hrp then hazObjects = {}; return end
local myPos  = hrp.Position
local maxDSq = HAZARD.maxDist * HAZARD.maxDist
local out    = {}
local function tryAdd(anchor, label, color)
if not anchor or not anchor.Parent then return end
local rp = anchor.Position
local dx=rp.X-myPos.X; local dy=rp.Y-myPos.Y; local dz=rp.Z-myPos.Z
if dx*dx+dy*dy+dz*dz <= maxDSq then
out[#out+1] = { part=anchor, label=label, color=color }
end
end
local function scanFolder(folder, fn)
if not folder then return end
local ok, kids = pcall(function() return folder:GetChildren() end)
if not ok or not kids then return end
for _, obj in ipairs(kids) do fn(obj) end
end
if HAZARD.sentryEnabled then
local sf = resolveFolder(string.char(115, 101, 110, 116, 114, 121), function()
return workspace.Buildings.EventObjects.Sentries
end)
scanFolder(sf, function(obj)
local anchor = obj:FindFirstChild(string.char(66, 97, 115, 101))
or obj:FindFirstChild(string.char(82, 111, 116, 97, 116, 111, 114))
or obj:FindFirstChildWhichIsA(string.char(66, 97, 115, 101, 80, 97, 114, 116))
tryAdd(anchor, string.char(91, 83, 69, 78, 84, 82, 89, 93, 32) .. obj.Name, HAZARD.sentryColor)
end)
end
if HAZARD.corpseEnabled then
local cf = resolveFolder(string.char(99, 111, 114, 112, 115, 101), function()
return workspace.Buildings.Loots.Loots:FindFirstChild(string.char(67, 104, 97, 114, 97, 99, 116, 101, 114, 115))
end)
scanFolder(cf, function(m)
if m.ClassName == string.char(77, 111, 100, 101, 108) then
local anchor = m:FindFirstChild(string.char(72, 117, 109, 97, 110, 111, 105, 100, 82, 111, 111, 116, 80, 97, 114, 116))
or m:FindFirstChild(string.char(84, 111, 114, 115, 111))
or m:FindFirstChild(string.char(72, 101, 97, 100))
or m:FindFirstChildWhichIsA(string.char(66, 97, 115, 101, 80, 97, 114, 116))
tryAdd(anchor, string.char(91, 67, 79, 82, 80, 83, 69, 93, 32) .. m.Name, HAZARD.corpseColor)
end
end)
end
if HAZARD.sliderEnabled then
local slF = resolveFolder(string.char(115, 108, 105, 100, 101, 114), function()
return workspace.Buildings.Loots.Interactable:FindFirstChild(string.char(75, 101, 121, 99, 97, 114, 100, 83, 108, 105, 100, 101, 114, 115))
end)
scanFolder(slF, function(obj)
if obj.ClassName == string.char(77, 111, 100, 101, 108) then
local anchor = obj.PrimaryPart or obj:FindFirstChildWhichIsA(string.char(66, 97, 115, 101, 80, 97, 114, 116))
local tier   = getSliderTier(obj.Name)
local color  = (tier and HAZARD.sliderColors[tier]) or HAZARD.sliderFallback
local label  = tier and (string.char(91, 83, 76, 73, 68, 69, 82, 32, 84)..tier..string.char(93)) or string.char(91, 83, 76, 73, 68, 69, 82, 93)
tryAdd(anchor, label, color)
end
end)
end
hazObjects = out
end
task.spawn(function()
while true do
task.wait(0.8)
if CFG.lootEnabled   then pcall(rebuildLoot)     end
if CFG.entityEnabled then pcall(rebuildEntities) end
end
end)
task.spawn(function()
while true do
task.wait(2)
pcall(rebuildHazards)
end
end)
local V3_UP   = Vector3.new(0, 2.8, 0)
local V3_DOWN = Vector3.new(0,-3.2, 0)
local function hpColor(r)
r = math.clamp(r,0,1)
return Color3.fromRGB(math.floor(255*(1-r)), math.floor(220*r), 40)
end
RunService.RenderStepped:Connect(function()
if RECOIL.enabled and RECOIL.cache then
pcall(applygc, RECOIL.cache, RECOIL.payload)
end
local lp    = Players.LocalPlayer
local char  = lp and lp.Character
local hrp   = char and char:FindFirstChild(string.char(72, 117, 109, 97, 110, 111, 105, 100, 82, 111, 111, 116, 80, 97, 114, 116))
local myPos = hrp and hrp.Position
local drawn = 0
if CFG.lootEnabled and myPos then
for i = 1, #lootObjects do
local e = lootObjects[i]
if e then
local part = e.part
if part and part.Parent then
local sc, on = WorldToScreen(part.Position)
if on then
drawn = drawn + 1
if drawn <= LOOT_POOL then
local rp = part.Position
local dx=rp.X-myPos.X; local dy=rp.Y-myPos.Y; local dz=rp.Z-myPos.Z
local dist = math.floor(math.sqrt(dx*dx+dy*dy+dz*dz))
local lbl = lootLabels[drawn]
local dot = lootDots[drawn]
local txt = e.name .. string.char(32, 91) .. dist .. string.char(109, 93)
lbl.Text     = txt
lbl.Color    = e.color
lbl.Position = Vector2.new(sc.X, sc.Y - 10)
lbl.Visible  = true
dot.Color    = e.color
dot.Position = Vector2.new(sc.X, sc.Y + 6)
dot.Visible  = true
end
end
end
end
end
end
for i = drawn+1, lootDrawn do
lootLabels[i].Visible = false
lootDots[i].Visible   = false
end
lootDrawn = drawn
local eDrawn = 0
if CFG.entityEnabled and myPos then
for i = 1, #entObjects do
local e = entObjects[i]
if e then
local ph = e.hrp
if ph and ph.Parent then
local headSc, headOn = WorldToScreen(ph.Position + V3_UP)
if headOn then
local footSc, footOn = WorldToScreen(ph.Position + V3_DOWN)
eDrawn = eDrawn + 1
if eDrawn > ENT_MAX then break end
local s = entSlots[eDrawn]
local hum    = e.hum
local hp     = hum and hum.Health    or 0
local maxhp  = hum and hum.MaxHealth or 100
local hRatio = maxhp>0 and math.clamp(hp/maxhp,0,1) or 0
local hCol   = hpColor(hRatio)
local rp2 = ph.Position
local dx=rp2.X-myPos.X; local dy=rp2.Y-myPos.Y; local dz=rp2.Z-myPos.Z
local dist = math.floor(math.sqrt(dx*dx+dy*dy+dz*dz))
local col  = e.color
local hx   = headSc.X
local hy   = headSc.Y
local boxH = footOn and math.max(math.abs(footSc.Y-hy),10) or 60
if CFG.showName then
s.name.Text     = (e.isPlayer and string.char(91, 80, 93, 32) or string.char(91, 78, 80, 67, 93, 32)) .. e.label
s.name.Color    = col
s.name.Position = Vector2.new(hx, hy - 16)
s.name.Visible  = true
else s.name.Visible = false end
if CFG.showDist then
s.dist.Text     = dist .. string.char(109)
s.dist.Color    = Color3.fromRGB(200,200,200)
s.dist.Position = Vector2.new(hx, hy - 2)
s.dist.Visible  = true
else s.dist.Visible = false end
if CFG.showHealth and footOn then
local barX    = hx - boxH*0.25 - 6
local barTop  = hy
local barBot  = hy + boxH
local fillBot = hy + boxH*(1-hRatio)
s.hpBg.From=Vector2.new(barX,barTop); s.hpBg.To=Vector2.new(barX,barBot); s.hpBg.Visible=true
s.hpFg.Color=hCol
s.hpFg.From=Vector2.new(barX,barBot); s.hpFg.To=Vector2.new(barX,fillBot); s.hpFg.Visible=true
s.hpTxt.Text=math.floor(hp)..string.char(104, 112); s.hpTxt.Color=hCol
s.hpTxt.Position=Vector2.new(hx, barBot+2); s.hpTxt.Visible=true
else
s.hpBg.Visible=false; s.hpFg.Visible=false; s.hpTxt.Visible=false
end
if CFG.showWeapon and footOn then
local tool  = e.char and e.char:FindFirstChildOfClass(string.char(84, 111, 111, 108))
local wname = tool and tool.Name
if wname then
s.weapon.Text     = string.char(91) .. wname .. string.char(93)
s.weapon.Color    = Color3.fromRGB(220,220,100)
s.weapon.Position = Vector2.new(hx, hy+boxH+14)
s.weapon.Visible  = true
else s.weapon.Visible = false end
else s.weapon.Visible = false end
end
end
end
end
end
for i = eDrawn+1, entDrawn do hideEnt(entSlots[i]) end
entDrawn = eDrawn
local hDrawn = 0
if myPos then
for i = 1, #hazObjects do
local e = hazObjects[i]
if e then
local part = e.part
if part and part.Parent then
local sc, on = WorldToScreen(part.Position)
if on then
hDrawn = hDrawn + 1
if hDrawn <= HAZ_POOL then
local rp = part.Position
local dx=rp.X-myPos.X; local dy=rp.Y-myPos.Y; local dz=rp.Z-myPos.Z
local dist = math.floor(math.sqrt(dx*dx+dy*dy+dz*dz))
local lbl = hazLabels[hDrawn]
local dot = hazDots[hDrawn]
local txt = e.label .. string.char(32, 91) .. dist .. string.char(109, 93)
lbl.Text     = txt
lbl.Color    = e.color
lbl.Position = Vector2.new(sc.X, sc.Y - 10)
lbl.Visible  = true
dot.Color    = e.color
dot.Position = Vector2.new(sc.X, sc.Y + 6)
dot.Visible  = true
end
end
end
end
end
end
for i = hDrawn+1, hazDrawn do
hazLabels[i].Visible = false
hazDots[i].Visible   = false
end
hazDrawn = hDrawn
end)
notify(string.char(72, 97, 118, 111, 99, 32, 69, 83, 80, 32, 108, 111, 97, 100, 101, 100), string.char(69, 83, 80), 3)
